2 5 18
100 1000
100 1000
10 200
10 200
40 10
10 200
10 200
1
1
2
2
2
10000 10000 1000 1000000 1000000
20000 10000 1000 900000 1000000
30000 10000 10000 700000 1000000
50000 10000 99999 600000 1000000
10000 10000 10000 700000 1000000 
10000 10000 1000 900000 1000000 
10000 10000 1000 1000000 1000000
20000 10000 1000 900000 1000000
30000 10000 10000 700000 1000000
50000 10000 99999 600000 1000000
10000 10000 10000 700000 1000000 
10000 10000 1000 900000 1000000 
10000 1000000 1000 1000000 1000000
20000 1000000 1000000 1000000 10000
30000 1000000 1000000 1000000 10000
50000 1000000 1000000 1000000 10000
10000 1000000 1000000 1000000 10000 
10000 1000000 1000000 1000000 10000 
