2 5 50
1000 10000
1000 10000
10 400
10 400
10 400
10 400
10 400
1
1
1
2
2
1000000 1000000 10000 10000 10000 
900000 1000000 10000 10000 10000 
800000 1000000 10000 10000 10000 
700000 1000000 10000 10000 99999 
600000 1000000 10000 10000 10000 
1000000 1000000 10000 10000 10000 
900000 1000000 10000 10000 10000 
800000 1000000 10000 10000 10000 
700000 1000000 10000 10000 99999 
600000 1000000 10000 10000 10000 
1000000 1000000 10000 10000 10000 
900000 1000000 10000 10000 10000 
800000 1000000 10000 10000 10000 
700000 1000000 10000 10000 99999 
600000 1000000 10000 10000 10000 
1000000 1000000 10000 10000 10000 
900000 1000000 10000 10000 10000 
800000 1000000 10000 10000 10000 
700000 1000000 10000 10000 99999 
600000 1000000 10000 10000 10000 
1000000 1000000 10000 10000 10000 
900000 1000000 10000 10000 10000 
800000 1000000 10000 10000 10000 
700000 1000000 10000 10000 99999 
600000 1000000 10000 10000 10000 
1000000 1000000 10000 10000 10000 
900000 1000000 10000 10000 10000 
800000 1000000 10000 10000 10000 
700000 1000000 10000 10000 99999 
600000 1000000 10000 10000 10000 
1000000 1000000 10000 10000 10000 
900000 1000000 10000 10000 10000 
800000 1000000 10000 10000 10000 
700000 1000000 10000 10000 99999 
600000 1000000 10000 10000 10000 
1000000 1000000 10000 10000 10000 
900000 1000000 10000 10000 10000 
800000 1000000 10000 10000 10000 
700000 1000000 10000 10000 99999 
600000 1000000 10000 10000 10000 
1000000 1000000 10000 10000 10000 
900000 1000000 10000 10000 10000 
800000 1000000 10000 10000 10000 
700000 1000000 10000 10000 99999 
600000 1000000 10000 10000 10000 
1000000 1000000 10000 10000 10000 
900000 1000000 10000 10000 10000 
800000 1000000 10000 10000 10000 
700000 1000000 10000 10000 99999 
600000 1000000 10000 10000 10000 